13
10
34 36
21 26
30 32
9 22
19 26
2 16
4 35
32 36
3 29
16 23
20
21 23
6 19
39 40
20 32
9 29
39 40
7 33
4 7
24 34
14 15
21 34
16 29
33 35
9 17
9 30
2 25
23 29
32 40
24 25
37 38
50
20 27
25 26
4 29
10 38
21 38
2 10
2 34
0 22
0 9
19 27
18 28
28 34
31 35
16 24
13 38
13 35
34 40
36 40
24 36
2 40
1 14
21 32
18 39
26 39
33 36
0 21
0 28
32 38
16 18
13 14
37 38
33 37
33 39
2 21
24 31
16 19
29 34
38 39
21 36
26 31
9 20
21 23
3 33
29 30
8 38
1 15
15 26
11 13
12 21
2 17
70
28 36
37 39
19 36
16 19
36 39
8 40
21 30
34 36
36 38
17 31
16 30
18 36
21 25
16 37
25 27
20 22
4 37
21 33
35 36
7 34
14 35
37 38
14 18
34 35
32 33
30 37
17 36
0 17
33 36
4 6
9 28
8 23
23 39
7 23
32 33
25 33
30 40
11 20
4 23
2 38
12 21
1 35
15 18
38 40
9 40
0 28
21 23
18 33
33 38
37 40
14 32
32 38
7 15
24 29
5 14
25 31
7 26
22 40
37 38
32 38
6 34
2 19
1 34
30 33
30 40
33 34
19 24
30 32
13 35
6 17
100
7 21
5 6
6 13
1 34
37 40
28 31
23 30
23 31
34 38
12 17
37 39
24 28
3 15
28 36
28 33
27 39
13 22
15 29
28 33
27 31
20 34
27 29
33 39
3 39
14 29
23 31
12 33
9 17
0 3
17 19
6 17
4 38
17 34
9 18
20 31
31 32
29 35
33 34
21 36
35 40
37 40
15 40
1 29
36 40
37 40
25 33
31 38
32 39
10 35
29 36
23 31
25 26
2 3
12 27
25 34
1 33
31 33
0 23
12 20
29 34
16 35
23 38
29 34
27 36
31 40
11 23
9 15
32 40
32 35
20 23
26 37
12 35
32 39
23 24
5 27
6 39
36 40
28 33
23 27
4 14
29 38
36 37
29 30
3 6
26 35
38 39
36 40
37 40
4 25
11 22
29 39
39 40
14 16
24 36
38 39
30 38
24 31
31 32
24 31
1 23
5
1 4
2 5
1 2
3 4
2 3
10
34 36
21 26
30 32
9 22
19 26
2 16
4 35
32 36
3 29
16 23
15
3640283 5453622
3612322 7362837
3684938 5837423
3243023 6760547
3454345 5454666
6765765 7677744
2343044 3232321
4545354 5532452
2305234 6057866
1242345 5463456
1513435 3634576
5805789 8546053
6543546 7234321
1505153 2646264
1234567 5678901
20
21 23
6 19
39 40
20 32
9 29
39 40
7 33
4 7
24 34
14 15
21 34
16 29
33 35
9 17
9 30
2 25
23 29
32 40
24 25
37 38
22
289 4038
289 309
200 309
88 309
88 211
88 102
72 102
46 102
46 60
46 58
33 58
19 58
19 41
19 32
17 32
6 32
6 18
6 10
3 10
0 10
0 7
0 5
50
20 27
25 26
4 29
10 38
21 38
2 10
2 34
0 22
0 9
19 27
18 28
28 34
31 35
16 24
13 38
13 35
34 40
36 40
24 36
2 40
1 14
21 32
18 39
26 39
33 36
0 21
0 28
32 38
16 18
13 14
37 38
33 37
33 39
2 21
24 31
16 19
29 34
38 39
21 36
26 31
9 20
21 23
3 33
29 30
8 38
1 15
15 26
11 13
12 21
2 17
70
28 36
37 39
19 36
16 19
36 39
8 40
21 30
34 36
36 38
17 31
16 30
18 36
21 25
16 37
25 27
20 22
4 37
21 33
35 36
7 34
14 35
37 38
14 18
34 35
32 33
30 37
17 36
0 17
33 36
4 6
9 28
8 23
23 39
7 23
32 33
25 33
30 40
11 20
4 23
2 38
12 21
1 35
15 18
38 40
9 40
0 28
21 23
18 33
33 38
37 40
14 32
32 38
7 15
24 29
5 14
25 31
7 26
22 40
37 38
32 38
6 34
2 19
1 34
30 33
30 40
33 34
19 24
30 32
13 35
6 17
100
7 21
5 6
6 13
1 34
37 40
28 31
23 30
23 31
34 38
12 17
37 39
24 28
3 15
28 36
28 33
27 39
13 22
15 29
28 33
27 31
20 34
27 29
33 39
3 39
14 29
23 31
12 33
9 17
0 3
17 19
6 17
4 38
17 34
9 18
20 31
31 32
29 35
33 34
21 36
35 40
37 40
15 40
1 29
36 40
37 40
25 33
31 38
32 39
10 35
29 36
23 31
25 26
2 3
12 27
25 34
1 33
31 33
0 23
12 20
29 34
16 35
23 38
29 34
27 36
31 40
11 23
9 15
32 40
32 35
20 23
26 37
12 35
32 39
23 24
5 27
6 39
36 40
28 33
23 27
4 14
29 38
36 37
29 30
3 6
26 35
38 39
36 40
37 40
4 25
11 22
29 39
39 40
14 16
24 36
38 39
30 38
24 31
31 32
24 31
1 23