5
3
0 1 1
1 0 0
1 0 1
3
70 90 85
60 90 80
75 80 70
4
62 78 77 82
52 55 51 85
82 59 65 92
65 64 93 52
10
53 79 64 99 58 92 81 73 53 66
61 78 77 61 97 92 70 50 83 53
51 96 53 75 81 58 88 56 81 62
67 78 92 95 80 64 84 67 70 85
76 72 52 81 87 84 71 74 87 50
91 80 54 89 86 72 95 65 56 86
65 56 88 99 58 50 66 67 52 63
55 79 86 94 52 62 92 91 51 81
54 97 64 54 73 78 70 99 69 50
87 74 62 73 96 88 88 50 57 99
50
80 87 53 73 61 80 93 70 70 77 98 80 92 51 84 50 65 68 75 84 60 89 90 76 73 59 67 77 84 84 65 76 63 93 89 72 86 63 59 92 83 87 55 64 65 77 67 57 96 83
74 78 69 84 93 79 84 56 94 85 76 75 50 71 74 57 70 57 94 67 88 75 89 95 51 66 66 88 88 67 81 93 64 57 73 57 94 52 89 88 63 89 70 73 77 63 81 97 59 67
79 57 54 87 84 61 57 60 50 78 55 79 91 54 56 90 82 61 92 67 77 65 74 60 84 84 65 91 79 67 73 81 78 59 51 89 66 74 90 93 51 57 60 51 78 83 51 51 98 62
77 70 97 93 98 91 50 91 70 82 95 86 79 69 90 66 93 80 89 73 57 51 78 84 54 50 57 66 70 87 84 96 69 66 80 93 62 79 75 75 96 55 79 56 64 74 79 52 78 87
89 82 85 50 88 84 84 82 52 52 52 71 65 93 97 85 80 87 60 69 96 90 57 85 62 92 72 78 98 93 63 57 60 86 54 89 63 97 92 56 82 94 90 99 95 89 91 60 85 96
90 89 94 63 65 58 70 94 79 61 66 59 83 80 95 89 98 97 68 62 82 63 62 88 97 89 57 60 64 52 57 55 53 94 61 78 54 95 56 59 50 82 77 58 86 85 79 59 50 89
89 85 82 61 84 97 89 88 74 88 74 60 86 64 53 83 54 95 62 95 51 53 53 70 58 93 96 92 57 82 67 92 81 52 71 87 71 88 68 80 84 86 73 93 60 59 98 55 83 94
93 95 67 70 74 82 90 66 50 80 73 72 78 70 71 83 69 97 52 54 72 90 89 62 54 98 59 55 81 57 81 85 61 60 89 73 70 77 55 63 82 85 79 79 73 78 69 96 58 92
87 88 78 83 80 61 97 64 73 99 66 72 81 94 92 57 83 54 87 65 60 85 96 64 90 68 52 79 60 93 79 80 67 86 97 50 82 93 83 87 76 91 85 59 71 63 70 99 96 72
85 78 59 66 52 84 81 83 85 61 90 57 92 90 75 73 93 54 92 63 80 70 97 92 59 67 60 51 97 52 81 72 81 64 99 89 93 68 58 57 92 70 70 84 58 93 85 89 52 66
91 98 76 57 65 64 94 85 54 62 64 57 73 92 80 68 89 83 70 81 86 65 65 53 69 57 93 52 91 92 78 83 67 66 64 84 51 51 50 61 88 87 92 96 98 55 86 82 99 80
81 63 76 69 96 73 68 57 83 68 74 54 60 88 54 58 70 90 85 79 72 80 91 79 64 60 66 52 93 88 78 91 66 89 98 77 52 94 95 60 83 52 65 79 62 77 51 76 76 60
81 92 93 57 53 58 92 79 93 86 95 74 54 60 99 80 71 97 98 56 70 80 85 71 55 89 62 97 97 56 97 82 94 62 63 57 61 60 62 90 59 74 58 51 80 52 55 81 56 55
56 92 79 75 64 67 77 52 95 75 92 69 57 54 57 79 90 93 60 69 79 54 88 90 83 55 57 87 67 56 91 88 98 54 94 73 72 53 95 54 63 74 87 95 60 97 67 52 82 96
92 71 99 57 81 65 77 65 61 77 83 83 63 84 85 89 91 97 73 52 99 96 89 51 73 70 51 89 80 97 64 91 78 79 52 74 89 99 96 97 83 78 57 76 65 66 95 66 53 87
90 93 96 76 85 67 84 56 76 65 64 55 72 76 97 59 83 89 51 59 86 76 90 98 63 73 57 52 96 62 93 99 79 97 81 60 95 77 55 85 50 52 65 77 70 54 93 57 60 91
87 93 92 67 78 89 76 89 89 61 73 76 82 72 84 59 62 78 52 91 93 88 61 83 75 79 97 58 52 71 52 98 97 64 70 61 86 91 76 78 92 77 50 52 56 60 68 62 96 96
59 78 52 58 63 83 98 99 59 89 93 61 51 77 72 87 68 85 83 89 95 65 75 84 83 85 61 66 81 50 96 72 54 61 51 75 51 65 62 99 51 74 89 89 65 95 85 52 63 96
99 53 52 70 93 81 85 81 90 75 61 70 74 86 80 75 81 96 85 70 77 63 71 98 65 97 75 85 69 74 99 87 93 83 85 55 56 96 72 89 76 53 61 65 83 65 80 91 98 99
62 92 65 54 99 68 68 93 63 58 99 59 69 60 81 95 69 82 77 96 95 63 86 67 92 62 58 50 53 92 68 74 88 68 89 68 58 85 96 69 80 68 81 86 77 58 66 57 51 91
75 76 76 94 76 99 84 52 93 99 69 97 72 77 99 76 76 51 52 54 85 98 68 68 83 59 91 96 51 81 94 67 50 78 55 85 84 66 83 78 76 71 79 51 99 98 68 68 99 95
74 89 72 84 99 60 68 85 82 83 62 99 50 61 97 65 61 79 92 94 95 61 76 86 77 75 82 76 91 67 72 96 56 95 84 51 72 52 73 71 78 82 60 55 71 70 52 96 72 59
58 97 88 60 72 82 71 95 83 63 66 56 89 60 76 99 63 99 65 69 84 54 57 64 57 95 85 98 50 78 91 81 90 69 88 58 89 66 94 92 96 94 60 93 93 97 55 68 94 84
98 86 82 85 50 94 76 96 83 70 68 68 56 92 68 88 57 99 75 70 78 77 55 73 59 56 97 95 99 99 74 52 93 63 71 68 95 55 80 84 62 53 64 90 87 65 70 95 59 94
63 97 77 79 57 67 55 68 82 60 82 89 61 59 55 84 58 72 94 60 83 51 73 56 54 65 79 77 70 97 96 50 78 99 81 71 60 56 55 73 70 99 81 79 91 84 97 60 70 95
56 91 56 69 86 94 85 65 80 80 67 70 86 98 54 57 65 66 68 90 93 90 82 94 79 69 97 59 65 90 83 52 75 57 50 80 90 75 64 90 70 70 72 53 56 57 74 71 92 85
95 68 82 62 95 52 76 78 53 82 61 84 68 61 84 57 77 70 97 74 94 94 86 63 94 84 79 88 80 55 96 54 52 83 76 88 85 72 94 87 63 99 52 51 74 83 65 80 96 63
99 65 88 95 68 65 99 99 73 76 59 87 79 90 59 51 63 95 87 55 55 81 77 86 82 67 74 99 90 73 56 92 97 91 54 57 56 93 68 68 68 63 94 81 78 53 98 79 54 94
81 66 89 89 88 57 75 92 76 51 98 56 71 79 93 56 94 98 97 87 75 77 85 98 77 97 87 61 97 63 61 60 95 55 57 76 68 52 78 66 60 52 67 90 66 72 77 99 59 82
73 74 72 60 96 53 80 63 50 83 95 93 79 71 98 51 76 87 50 99 57 96 73 78 92 61 77 89 73 55 56 87 51 61 91 99 61 95 88 54 50 86 75 79 98 98 56 52 66 53
97 70 80 66 68 88 93 94 69 96 92 65 74 96 87 55 73 61 60 94 61 60 69 56 50 75 70 99 77 83 51 64 80 90 70 69 79 70 68 73 83 57 99 58 61 99 87 61 88 58
88 96 87 89 97 73 90 55 52 95 85 76 55 65 99 61 86 87 53 65 76 55 57 52 96 56 95 76 64 70 84 72 84 67 52 81 73 70 65 91 74 92 77 88 59 94 86 59 75 59
61 64 93 87 72 77 87 56 64 85 80 81 74 79 52 54 51 72 93 61 88 85 50 76 50 77 79 65 81 50 64 66 55 84 63 56 56 77 96 74 84 52 86 83 75 61 84 89 74 66
53 75 66 92 63 82 56 70 81 61 50 88 92 95 64 64 51 61 98 78 98 58 69 50 72 78 73 58 56 97 74 67 70 89 85 76 83 76 99 55 55 59 59 57 78 57 81 56 79 70
95 57 94 87 88 66 74 65 93 80 85 91 64 93 63 84 74 75 68 97 75 55 61 77 50 75 97 87 90 77 65 92 77 57 64 58 64 76 71 76 75 86 52 61 85 95 58 99 60 53
95 55 55 56 92 52 73 73 92 62 88 95 84 79 99 98 98 81 72 99 91 97 88 65 66 89 73 71 95 95 95 76 92 85 91 81 95 68 78 67 79 98 67 74 82 55 78 74 66 98
86 87 52 87 91 75 62 74 76 55 71 95 78 90 60 63 79 64 73 80 58 53 58 86 50 95 72 53 60 88 61 88 78 92 71 63 76 69 55 65 88 59 86 91 52 93 69 93 96 57
96 66 50 61 99 72 80 75 73 96 70 59 99 55 75 66 90 51 60 67 72 60 77 81 76 52 53 96 73 79 75 76 56 81 53 87 73 80 71 57 72 62 73 93 58 60 54 57 65 64
90 73 96 85 77 65 63 68 82 77 99 85 98 55 94 84 77 89 59 88 60 70 75 73 85 91 93 55 52 67 59 76 56 57 82 57 64 91 86 91 98 93 75 52 91 75 58 60 60 63
69 66 61 74 59 90 64 71 92 66 66 90 88 82 63 84 86 50 60 50 95 92 75 74 66 92 75 99 50 84 69 99 53 57 87 79 53 83 61 99 62 90 88 93 85 72 88 54 66 59
81 52 50 54 61 59 92 74 64 75 53 72 65 71 81 96 75 78 93 91 75 57 82 88 72 68 90 69 77 82 67 57 56 70 71 79 69 73 89 58 68 98 93 95 56 70 88 74 94 75
79 50 99 61 87 56 53 97 93 62 97 85 57 55 74 80 80 63 56 86 84 81 91 60 59 85 75 68 54 57 54 64 68 50 52 57 89 64 72 86 55 91 98 89 70 56 84 87 50 91
73 69 69 51 68 57 69 63 67 84 71 68 95 63 70 86 82 89 62 59 69 63 58 73 73 75 77 70 84 61 76 75 64 94 60 66 76 95 83 91 56 75 72 54 71 62 63 51 51 72
98 77 61 70 84 64 59 72 86 96 80 59 87 96 55 63 56 98 51 66 90 68 63 90 58 50 74 79 78 71 96 80 88 93 75 63 54 63 90 55 61 60 91 63 51 78 66 95 79 64
50 77 78 91 99 98 67 87 98 86 53 98 84 75 97 60 51 99 91 74 93 65 63 93 64 94 72 89 57 72 85 66 78 50 71 90 72 51 57 66 60 98 90 77 93 95 76 69 91 99
57 74 75 80 79 51 56 68 71 99 56 78 85 67 97 88 96 58 87 78 56 62 77 99 98 76 62 52 77 67 56 51 96 84 50 73 61 79 87 52 94 54 67 77 91 50 56 98 55 73
75 97 76 93 54 55 88 86 74 80 89 62 90 58 74 97 82 98 67 50 89 78 51 57 70 53 52 93 67 62 78 60 60 69 69 66 63 64 60 88 59 55 74 65 57 70 79 64 78 61
75 72 54 60 59 69 91 81 90 80 59 84 88 99 98 92 55 94 52 74 78 89 90 98 92 64 73 91 98 58 89 66 96 64 84 76 70 78 68 92 75 85 81 96 74 89 70 77 56 50
64 79 82 86 70 92 76 70 81 85 92 96 78 83 50 68 97 58 89 87 51 64 50 70 81 66 50 95 87 53 50 63 70 91 76 98 77 75 64 69 65 85 53 50 52 62 69 67 52 81
60 82 82 56 77 78 52 73 58 64 72 94 67 68 87 54 56 88 53 80 92 86 58 89 67 65 65 55 62 51 72 56 59 85 86 94 55 68 96 82 70 73 56 75 70 78 73 62 52 74
