1618
953 918 1030
898 735 1144
298 790 1461
1046 1447 1375
1052 170 752
1178 747 1560
1557 457 525
177 1581 1579
82 560 477
1353 1000 1535
96 715 703
1219 1142 1450
585 1279 577
40 664 838
253 506 178
511 227 564
388 119 117
199 1409 956
1501 1056 143
1024 904 523
292 326 149
599 29 109
933 1452 523
407 48 501
148 827 1070
151 814 640
253 997 908
343 772 1616
1460 0 123
1197 85 1320
1538 1030 620
1115 159 167
1450 1415 628
1380 815 61
1175 511 560
490 183 1385
316 302 1450
11 290 1047
56 34 1463
1291 1225 971
969 416 975
1442 1212 910
1087 1281 10
1398 796 1604
1007 1299 718
1346 1447 87
1338 225 1326
328 988 744
1232 311 248
54 1337 1224
902 396 1290
1468 1101 1264
1530 1491 1253
46 469 433
1452 163 176
844 1323 1443
130 304 1119
1114 240 1124
1094 1100 963
858 638 1312
538 661 1114
498 566 1492
706 359 448
1036 210 974
1548 120 561
1395 1003 443
212 791 490
564 967 888
569 1049 752
391 1497 1228
3 1082 135
77 1190 550
218 115 913
496 11 1435
991 1340 955
1372 944 1169
969 668 340
502 1311 1268
927 225 556
100 1553 1498
660 1265 1500
793 578 952
1356 401 1447
1138 444 751
1304 1180 1613
645 1029 1426
359 1503 364
744 599 178
444 212 582
1063 830 1239
408 157 1024
403 361 1190
1020 673 469
1095 689 258
1239 1515 826
1560 1591 370
2 1060 252
810 985 1334
1504 686 1307
64 199 1117
1310 1467 563
726 717 655
1397 528 1414
958 366 1516
1222 800 58
921 513 571
1254 844 861
248 1415 1203
929 271 1310
1340 1350 565
952 1444 887
643 264 703
364 600 1041
1581 943 982
848 838 143
49 115 818
57 1274 821
1113 1405 1367
242 772 546
1145 1301 16
141 1193 1270
414 690 653
156 123 679
1056 564 678
1316 875 1530
758 264 1278
497 1420 158
227 885 1127
1413 391 16
1065 1033 326
1115 917 746
1559 641 719
1130 641 1478
18 164 1528
1562 313 796
1468 282 1032
507 510 424
1555 1269 409
327 780 1152
1592 473 205
1229 1234 716
301 1295 562
1178 644 148
1413 747 985
859 428 1132
238 1411 36
228 1351 592
488 839 1396
614 851 905
465 66 1319
1138 80 1555
805 166 868
1434 923 122
1457 795 207
1122 15 371
1249 145 1238
852 1183 1421
854 1438 638
111 164 1295
965 1430 1294
997 502 1101
1505 777 1431
1426 1433 36
1500 794 1614
989 1575 364
161 435 1463
1210 1456 442
1310 1497 348
603 810 1060
1321 223 122
442 801 934
1243 3 666
427 1076 1438
1201 680 1246
803 285 1345
1202 135 736
867 634 11
24 740 771
1070 1274 588
680 20 1274
536 660 50
83 1351 1374
741 333 1287
1463 390 244
1306 185 1601
416 432 49
228 1038 63
819 802 640
335 184 237
602 35 957
1596 1040 432
1115 405 1286
110 344 848
1330 1012 1176
230 1309 1159
256 1082 1183
21 1431 1527
1188 1259 1074
1398 653 658
1391 237 681
1112 1145 1130
1536 1192 529
1277 1404 440
466 1170 521
400 942 1367
1220 74 1255
865 1292 246
1428 317 1520
14 589 1608
834 302 220
869 376 215
355 924 1476
223 1311 359
831 1446 280
603 74 1241
276 790 1551
851 994 1449
549 313 1455
869 1282 347
1255 622 1018
1273 259 1512
649 443 590
1132 486 381
549 98 870
1543 1174 541
1205 66 165
79 1335 105
747 20 558
584 883 252
201 1541 1409
747 1348 1520
889 967 735
1068 1169 1025
1499 397 982
715 405 485
605 1129 1477
991 690 1407
118 1426 666
687 1380 14
923 1374 16
852 310 341
1296 741 702
945 1250 83
921 1487 20
851 18 1063
523 520 867
1421 1489 97
201 796 1164
141 1560 358
1303 325 3
1238 1082 1316
1117 1112 859
782 1177 1187
1391 332 122
308 587 984
1584 187 1358
37 1576 56
678 1297 1384
1180 1299 494
996 565 39
1513 252 1543
310 817 1508
217 622 1034
806 26 1216
1021 1588 745
674 330 319
23 1078 775
893 727 70
960 280 200
398 1061 178
603 1092 1031
693 1288 1459
168 418 164
1192 547 617
1354 1429 23
1166 538 1075
558 535 946
994 705 314
174 469 733
92 552 875
1225 792 418
53 1529 788
359 736 81
99 808 926
330 700 1038
1557 80 1226
1606 426 137
497 1088 1249
391 680 853
1410 186 1160
2 1335 538
1617 1206 1206
618 1447 1611
540 561 727
1442 1010 1313
1429 578 341
1382 1528 143
119 956 385
1083 1490 484
1019 1560 731
166 159 1050
384 481 1286
292 88 1114
200 701 328
1051 1287 1075
323 887 875
1521 1336 410
34 431 692
477 471 1169
411 1505 1128
1342 1004 1331
507 889 1324
1267 333 149
1610 96 1190
1353 373 74
1449 21 1168
1362 1406 1422
1382 375 664
997 918 1366
727 523 639
1255 808 961
1298 634 879
1094 618 1210
564 71 1060
111 280 1224
1457 876 953
425 74 571
1341 1296 245
421 25 149
1586 1078 1266
547 849 679
1063 1523 1392
1407 432 1396
435 751 1249
1571 665 504
239 452 755
576 116 151
1292 717 1132
1313 1104 1401
780 310 1344
1328 1532 888
754 477 762
762 399 1403
560 1084 974
308 391 231
660 1331 1614
476 288 530
1360 1109 358
1587 1520 1200
1162 625 1281
1405 436 641
1134 914 409
289 1086 1446
1055 483 1132
800 456 90
850 672 878
307 410 724
843 1533 1155
1150 136 309
648 1482 827
1119 515 1568
642 1183 4
1366 386 477
834 614 114
423 224 532
1109 669 875
122 1061 1315
315 795 623
419 165 1152
1515 694 682
1219 1100 639
1308 723 1553
829 447 1331
643 1306 758
871 1226 413
1330 1041 187
1066 604 202
874 1355 568
535 732 1475
741 181 888
1325 826 463
1112 1222 799
783 758 620
300 1438 773
859 970 949
191 36 454
1092 210 1547
1562 843 1338
1060 614 440
1149 949 923
413 289 235
743 1094 87
1305 660 475
228 607 1242
959 836 912
1368 158 776
976 105 905
1098 26 516
917 1581 873
709 119 1133
533 149 118
1363 325 257
463 187 194
1079 53 1485
190 611 143
401 598 1549
873 821 1550
867 626 157
1142 518 1398
830 1447 65
464 279 572
767 639 601
533 1270 864
488 329 1019
304 1339 371
617 567 466
925 297 319
113 1398 1297
1177 30 582
1370 1324 263
1122 1305 485
825 1396 475
368 1145 173
520 1388 561
513 113 547
674 945 674
1423 1035 740
997 1205 1239
1233 1279 1029
1149 37 1140
1523 1151 1021
1018 2 1455
644 902 1574
1205 674 537
1298 1233 745
550 1572 353
600 320 1405
1282 666 34
1546 301 1080
815 962 394
746 979 1033
921 710 1451
1421 893 1082
505 1228 1227
1452 952 239
953 329 1550
171 90 281
1402 884 1049
218 179 1497
635 571 712
1164 709 322
1280 586 663
842 412 1082
1216 1233 208
592 226 459
39 724 37
1017 657 623
853 234 103
733 718 755
1123 953 1167
561 330 196
991 643 1297
465 256 257
429 814 0
439 1313 1172
1267 1395 1135
1424 679 476
141 425 1246
664 195 217
710 208 1080
1052 244 608
156 1228 1259
898 365 1412
1013 1019 1205
520 333 180
1109 712 444
1554 1412 1257
1024 922 620
1475 1312 1104
473 1002 1566
171 835 644
416 1398 1308
414 291 561
1149 426 1007
947 1007 1320
887 836 346
866 1181 380
1290 1253 1185
1482 482 1079
203 1580 153
1606 4 108
1077 775 781
670 44 18
699 312 1145
1433 398 1312
1081 14 671
1253 133 657
669 1146 671
460 1058 989
320 132 169
1456 162 637
1049 815 1336
148 1261 76
1474 534 1492
721 702 994
873 131 1471
893 488 965
300 1424 1371
939 1271 1286
1352 1504 1434
504 896 1124
461 1199 1515
1485 1252 961
89 621 50
1441 1 135
1339 822 1362
1245 187 6
1386 562 1105
1351 1096 1581
1258 292 959
1524 524 1107
986 1115 288
454 526 65
978 668 700
949 936 366
1410 1291 1290
21 889 1609
910 41 1487
1297 850 247
56 46 415
1440 1436 616
540 419 1239
147 450 172
1554 1126 1599
1279 1078 89
1309 740 450
1423 1547 343
780 643 1569
573 1033 1105
876 315 700
781 1037 689
58 940 1045
41 823 1596
1581 205 895
707 1064 1203
894 63 884
1308 1004 1159
1096 1030 363
1527 667 569
1081 424 1534
294 1388 481
1374 510 1373
758 64 851
1453 587 384
1440 339 1006
765 1501 617
1568 1052 415
487 1017 957
229 637 6
1399 957 1364
635 404 1584
84 810 0
463 1523 984
388 1553 1073
501 397 1360
727 497 593
650 1418 729
565 213 633
149 156 64
1111 611 916
74 1317 232
682 777 246
453 484 1044
1148 513 1617
732 1261 1353
1182 682 914
1279 134 282
97 1333 105
556 1293 1606
971 174 714
74 992 776
1528 1351 1161
1600 202 841
1122 413 1362
388 18 1556
42 808 1110
1250 617 1354
1227 517 905
1488 254 1597
1542 1422 187
1353 382 441
312 422 170
43 1240 1438
697 1059 561
84 410 969
63 382 422
924 1140 360
463 110 358
1391 362 1405
1322 114 178
635 1433 271
1005 1465 1546
522 930 350
25 677 1063
1364 983 1299
932 1190 1408
949 579 217
390 918 1299
1026 973 1145
606 1373 1543
1054 1144 955
1072 57 1015
1502 297 279
387 1349 1005
1570 1329 1523
1005 1260 386
956 525 963
139 1460 1404
1401 324 293
367 466 1073
172 1385 246
398 326 1111
1328 1070 1159
1241 348 866
161 891 1499
422 724 1236
306 888 56
1597 1343 130
258 1431 46
451 1115 1077
266 1360 1010
148 1262 122
1036 1533 15
1364 816 561
365 788 1046
1339 956 1024
241 1607 548
443 14 908
1229 1435 778
437 539 1394
857 1023 1330
1259 846 180
849 807 495
352 1453 1152
1090 1283 294
355 1042 1328
905 440 1501
833 1292 651
1170 732 1608
381 1129 518
1416 516 543
81 337 1164
1264 863 1582
155 494 1326
526 307 1377
442 327 747
1549 732 1139
302 574 1435
188 462 535
760 1011 1375
813 1259 1583
1535 1054 791
1174 785 1206
1098 933 1313
1071 35 843
1543 1579 1599
464 822 1290
423 276 1348
1378 682 1513
1430 1426 1198
172 1429 1416
1364 6 835
631 1202 240
1030 370 369
196 367 1071
322 1022 350
1051 288 593
984 1610 404
1182 50 1561
379 1080 1302
501 906 218
264 1227 323
1276 763 16
294 1540 64
1503 523 398
388 1572 896
1122 543 1552
770 959 1118
694 1581 929
1321 1443 1530
434 1057 880
719 715 61
228 1133 363
552 374 65
228 373 83
155 923 1394
643 1154 1443
364 243 1258
1511 12 929
414 252 149
1090 784 170
1459 1100 1501
44 740 378
360 92 129
147 754 722
752 1191 486
833 149 1242
863 947 1254
502 1254 928
962 1561 867
84 496 1317
1020 692 459
275 575 1578
170 542 921
1073 40 216
1582 1538 622
268 866 622
1219 1571 883
1338 517 719
686 259 1044
317 1447 198
1403 1303 719
312 512 920
1268 138 540
96 535 825
690 1060 1155
1565 774 1332
1099 1591 209
482 1246 855
820 291 1366
1125 391 264
119 1221 635
1256 146 1161
1379 1380 250
184 241 911
1229 474 1406
1127 701 1240
1397 1234 1049
948 349 1179
1234 445 849
1322 1004 764
448 989 1281
686 150 1072
485 1188 1168
786 721 1370
1377 178 189
384 1391 7
17 7 1298
1504 1269 116
449 758 1162
1482 1412 1083
1309 873 1594
1489 1453 13
661 599 153
795 740 922
1106 1408 276
749 593 858
208 1145 997
84 107 1301
334 68 1529
216 982 1423
1384 899 1246
492 1263 713
546 253 265
984 1078 1169
1312 1553 771
565 1611 644
1530 1149 414
966 1005 1278
92 1263 37
618 904 830
568 39 333
895 180 643
729 606 79
389 835 18
447 421 323
197 482 1022
201 1485 1019
655 813 1142
687 158 665
225 148 731
1466 804 314
525 1194 736
53 1228 271
22 1063 1282
355 1457 116
140 374 428
1101 794 1571
167 853 1467
726 1242 724
192 122 1067
1316 780 1430
1142 1132 1021
553 1242 241
989 1473 200
988 1517 1241
1526 135 663
190 1234 540
693 0 372
266 1547 135
524 1289 932
1268 656 811
499 228 1186
489 1574 487
560 362 1091
485 1295 939
142 475 823
292 380 393
1294 248 588
1564 1062 640
780 576 1324
1056 346 998
365 89 470
1474 529 61
426 706 717
67 268 1145
540 597 801
262 17 636
57 1191 205
1482 775 103
588 1548 1603
568 908 1454
971 1341 1091
576 271 695
1325 905 11
1611 62 731
1465 217 1229
914 1310 894
1253 230 373
1063 525 738
375 844 850
1140 178 1278
994 489 295
113 378 467
236 116 1237
391 462 443
66 1327 471
1531 1177 963
1005 355 1113
987 1603 1553
733 957 1326
1156 380 913
15 275 567
1606 1433 812
1075 832 1095
1342 822 201
216 870 149
1544 372 1287
1131 665 516
784 675 933
477 757 736
1351 548 714
733 1021 1223
1571 273 942
494 948 868
993 1344 246
584 1343 1169
510 979 909
608 982 862
780 964 372
946 574 569
234 192 783
217 305 494
601 43 933
151 793 169
1513 363 1412
337 720 233
807 852 1568
1352 688 348
1594 617 1175
669 222 1463
1613 469 1229
1553 1229 1481
1483 1202 1472
995 398 1192
1573 774 1384
516 134 1490
1474 522 1591
209 1573 599
650 1290 588
1083 396 997
117 1393 707
1282 1504 545
901 114 605
88 1186 1378
476 171 320
1228 1601 20
205 1392 411
1039 628 167
645 1099 182
269 113 1473
610 231 788
1438 1468 1205
1077 1447 324
596 1094 204
1572 561 930
948 1074 228
198 710 173
1327 18 477
1042 566 1093
651 1409 831
1599 625 1548
434 425 506
1173 1181 1483
1610 645 1346
36 1427 1547
796 1077 518
347 988 1139
1191 1425 1174
715 747 1219
1531 286 699
100 199 807
1048 668 1593
1407 1031 1416
933 1340 1073
205 751 495
777 1283 1549
807 863 377
1521 760 265
1357 1454 1519
1267 529 807
454 822 560
1318 84 853
33 608 1575
809 717 545
541 1193 1198
1573 692 1173
150 1515 1554
1069 886 1328
1463 314 569
474 42 138
1272 1323 1508
991 924 6
69 242 294
35 497 184
494 418 436
74 571 826
321 1272 615
1274 442 1470
1550 947 382
326 950 618
1138 1269 118
1601 776 862
1077 774 840
118 970 1428
1070 1207 699
856 537 1042
1476 160 1233
1521 806 904
559 838 542
1190 769 93
997 1116 396
761 768 666
1274 277 709
643 463 1522
1155 948 1145
1404 571 848
617 215 726
289 1609 179
413 938 901
940 67 650
776 948 57
714 139 1403
414 601 173
1020 360 886
1531 1414 1105
1193 562 1528
1301 711 953
1308 1361 837
1394 1273 1339
947 625 1442
1125 196 878
50 567 417
235 319 939
1246 310 538
1082 1492 849
219 1332 1293
264 1612 1421
481 1172 486
167 939 434
754 1321 1236
21 395 921
21 193 325
740 121 1557
493 44 1479
86 74 1170
135 108 214
141 10 156
981 38 1567
1042 938 635
1614 240 1418
158 1106 270
1269 816 827
1604 1287 1251
1355 691 234
61 506 635
85 338 617
1119 1557 490
340 997 569
616 629 155
291 751 1236
671 266 784
1590 769 202
235 345 799
1347 1150 1069
1444 1018 1586
64 504 1071
1406 1027 1039
1382 659 870
722 372 1280
903 1570 2
456 1229 349
294 907 66
586 725 1137
1187 215 1046
971 1317 526
337 251 253
1569 449 1245
44 1056 1038
940 828 350
980 1295 1428
1122 460 126
1491 764 269
1159 1609 258
22 1220 1590
112 308 31
805 1113 762
1398 972 1471
433 1483 537
697 1206 499
1453 782 673
231 1247 920
772 1467 251
712 604 1426
339 258 703
1389 1575 720
1016 1229 282
837 109 1473
277 415 1479
1016 308 1547
405 1032 392
1364 449 1210
1135 994 738
573 876 1280
252 760 1571
711 565 227
792 1473 1070
1367 1199 1307
699 43 255
314 644 639
1436 1026 762
996 1347 159
272 1157 399
998 1247 869
813 1386 1103
422 169 361
911 288 870
414 1511 4
254 1283 1108
770 822 1359
1451 245 112
423 1126 454
226 315 987
179 806 1198
813 1133 1179
121 1608 82
964 1020 5
900 675 1508
1080 153 1162
1530 132 1565
1478 593 480
173 516 296
1033 142 725
0 880 360
1041 1013 1257
82 1495 642
1460 1592 457
1062 1242 1018
214 1601 1183
585 1548 897
855 1223 256
620 117 42
314 656 13
1130 1587 1385
526 1552 1569
929 1312 759
1276 371 1391
1255 74 292
1326 1422 1061
688 1158 841
377 1582 1309
62 1300 1286
281 39 408
1235 1213 720
1019 308 1302
537 722 1581
1181 239 939
461 214 1279
1513 689 64
193 859 182
330 549 892
1582 1551 979
308 516 650
1440 842 329
1253 789 1122
616 1491 1591
91 664 744
795 385 13
1290 986 294
1123 953 319
430 746 377
1227 60 1290
1475 299 315
77 1114 1231
526 339 701
1432 276 1090
1503 1399 1411
1062 425 16
756 1096 300
736 1021 123
37 735 1418
940 1370 551
88 1417 66
792 757 1174
778 848 687
79 546 63
642 97 287
1313 69 1249
1370 706 1108
177 6 524
371 1133 916
553 1274 550
1530 86 645
953 1360 191
215 1307 231
606 1443 612
605 1302 588
1476 787 730
1022 855 123
764 280 1149
1065 1287 152
523 650 1116
1357 1551 1105
897 786 1058
1415 533 1076
491 324 80
1188 996 1441
978 1177 839
1120 509 31
831 385 721
636 403 605
301 1228 55
836 136 445
485 617 277
1440 1073 1213
1149 1304 1573
270 1554 315
1105 959 703
566 726 984
1581 1414 1587
1456 736 531
1016 839 1444
1414 750 1264
42 1284 608
1070 1410 684
708 297 646
1000 979 1617
716 1373 1330
179 268 941
97 288 1132
292 265 574
1565 1059 627
483 8 693
1340 1469 1092
1054 1506 398
1466 55 1142
1224 1274 575
150 1348 1113
1208 1282 1581
339 1343 402
632 652 884
263 183 480
1113 752 1010
1329 1270 509
1437 1553 544
1037 484 1383
43 1433 41
1575 467 650
1104 552 102
946 659 1228
1166 723 421
570 359 489
179 1411 799
1527 1518 570
33 227 166
340 1378 1527
1023 1038 1254
1490 674 1482
1513 391 876
1349 527 943
503 790 180
823 8 392
1582 400 1241
397 995 1614
945 599 1060
912 470 222
456 1576 344
1587 207 8
1207 1438 1228
870 243 1156
680 1158 321
1392 1170 851
681 1505 1052
82 1559 1051
78 579 454
1486 565 580
535 1370 687
144 615 765
472 1510 1542
1153 1297 645
215 203 320
966 115 1549
1427 1541 715
1528 1227 876
1427 1547 1256
1276 487 945
202 1147 978
167 9 1259
1148 1236 952
298 1334 603
1408 1533 876
1391 41 1322
819 484 1070
103 411 1597
592 1036 1100
982 544 984
356 972 871
1056 653 289
620 1157 139
344 959 404
1034 611 1271
868 907 192
1503 1555 516
341 931 360
863 76 364
345 64 292
529 1488 252
1261 942 873
353 690 1287
1608 1556 96
1350 659 1469
430 785 1597
1545 589 1449
353 5 1180
53 91 1498
18 1452 1227
432 594 694
1074 213 389
821 589 1305
797 890 286
180 1577 913
856 1234 1554
495 418 280
509 1567 1517
472 681 318
648 618 1264
397 297 690
1507 685 1409
1450 955 34
1469 1029 20
662 1055 1097
402 1274 1247
106 1039 1407
884 431 371
849 978 567
846 408 1445
856 389 865
1082 1095 750
1306 1313 286
1585 1217 1105
981 1539 884
1009 1023 1158
794 1233 1612
1282 1093 1068
1320 1380 1083
20 123 1519
1059 1165 1573
1476 792 1402
314 1414 738
439 618 1248
969 395 460
543 902 1335
254 171 944
4 1133 189
1369 161 948
1208 1233 1180
1053 476 999
1134 610 1279
441 73 423
1448 869 632
516 697 1415
1608 1455 168
1324 1355 1323
1244 1566 1502
202 435 184
1148 978 438
874 743 547
149 512 1028
362 687 765
756 186 365
1548 77 182
408 254 1153
1207 987 845
168 42 1117
321 922 1108
1050 1103 1020
438 1378 1074
1610 1362 1017
673 4 966
124 1294 535
1604 1333 1571
1395 973 710
1404 604 69
0 1180 817
663 1466 834
247 516 984
1320 813 1055
290 103 1095
1446 111 1362
588 156 382
1529 974 654
151 1091 1051
927 381 699
1461 739 177
713 1098 283
144 188 1090
1027 489 544
718 53 1134
1239 394 1346
1427 952 497
487 628 1563
1561 1117 1176
1316 1310 1190
548 1049 807
1049 1408 928
1066 1161 584
1275 512 193
255 1435 4
384 676 400
133 433 1084
1037 883 473
272 645 776
1029 157 917
946 1359 834
677 940 1359
762 701 1219
390 449 722
434 1431 420
1175 565 1363
624 236 982
1501 1015 228
1039 1152 337
1370 1022 1298
920 984 403
12 320 348
572 672 132
360 1329 690
1067 813 815
908 316 291
842 1103 1110
823 1512 136
586 863 1105
340 888 1462
1589 938 1155
1472 616 327
8 865 1052
1599 1013 126
986 962 1399
1400 197 1616
334 1037 576
505 537 1520
948 52 981
1020 1229 182
228 973 72
1430 569 1533
1529 130 98
39 1000 1462
128 731 1369
1398 157 1545
897 540 675
498 866 526
1349 1096 1230
101 1263 108
544 1616 1468
451 359 939
241 1301 923
805 612 357
9 1436 349
760 150 597
164 506 1041
892 46 293
1199 476 78
636 1482 770
735 468 425
404 1363 787
1022 0 1507
1110 1069 1226
1587 8 1549
271 376 719
558 1585 623
696 299 1451
767 462 882
944 1370 184
454 791 1416
865 1344 838
710 1380 605
1068 1461 467
561 1137 1081
305 988 36
498 1402 914
1596 976 25
649 858 1171
558 1208 731
218 955 1133
1600 1497 449
1240 159 953
265 53 382
1572 1368 1206
326 1515 263
479 400 1316
189 311 385
874 437 1381
1009 27 382
11 480 951
477 693 344
342 146 1170
953 1152 456
1528 33 141
1248 1108 1079
289 429 521
1463 1093 1239
471 973 1413
382 590 1500
72 1491 1270
510 882 1286
1473 626 618
285 712 356
798 140 1262
18 379 248
982 1259 43
1588 21 101
669 547 1518
327 77 1319
111 651 43
538 1384 1185
794 1105 1496
108 928 1176
218 36 313
683 1434 609
818 1222 745
419 648 616
842 562 1506
1347 704 1322
558 416 1429
750 958 268
1528 509 795
1270 855 933
1055 1222 1011
1546 206 518
86 351 1131
1064 1296 1109
1497 1185 841
1527 208 1165
40 1329 761
1319 656 1283
490 370 508
1396 56 235
956 1153 861
983 1023 1331
348 598 309
1275 219 742
1307 1013 1617
1056 491 763
720 1105 1416
56 1489 856
1335 54 1157
1240 1030 853
1394 805 954
945 669 388
41 1403 1375
505 463 1600
6 1098 1581
325 1608 1419
1107 451 1380
308 1353 194
595 493 1179
1555 560 237
1366 793 877
1362 912 1101
973 1040 747
1591 145 719
95 387 1122
1070 1328 478
1149 1382 528
374 393 954
914 985 823
658 843 507
886 771 1598
565 277 681
1215 257 1461
1415 611 1545
470 1160 377
1616 359 332
1455 423 1213
1092 207 1441
391 225 1049
358 15 1301
369 407 1605
1360 673 1402
300 974 90
57 904 1125
1304 595 607
1582 924 1421
261 1021 429
406 169 764
1591 727 60
513 609 949
790 1385 50
769 1193 1580
902 325 1301
440 1577 116
1508 1085 268
785 77 274
321 900 1476
937 1133 1437
458 1545 1230
1189 736 555
804 818 1000
450 1077 829
694 1598 1566
1603 1189 851
54 316 619
1438 709 54
1433 1303 1157
743 426 1218
428 581 225
958 396 561
159 1499 1275
240 353 166
398 1184 1322
484 1245 904
730 527 1266
705 1180 986
1153 624 296
1483 729 519
1274 1522 860
1204 1479 175
923 385 251
405 391 225
326 278 320
893 495 178
612 1067 896
1385 780 1430
980 1405 1052
907 447 993
495 43 798
1338 234 106
808 194 517
1492 1433 1197
485 1236 1023
1084 690 872
364 1593 1541
401 394 1125
339 362 1148
1608 68 1242
883 918 858
1395 43 1480
1115 1063 433
1088 1492 632
1028 1374 87
638 184 398
1341 670 616
228 842 314
1127 272 710
74 978 503
1321 1094 1436
1322 1000 1054
261 436 235
932 287 87
0 1151 42
627 748 401
554 1607 508
35 338 1118
832 1511 1139
305 96 5
1320 652 135
1219 1284 1008
984 269 1298
896 800 664
1363 243 1272
1021 189 362
941 877 1056
1404 1500 793
1604 141 774
956 528 1206
1111 396 358
1588 1134 577
86 754 1436
1576 876 617
1245 1145 487
635 708 843
1337 1473 630
1041 176 1238
875 760 771
848 756 25
732 1356 1328
62 762 384
324 1166 1166
